       1     22      21      23     
       2     20      21      22     
       3     18      19      10     
       4     17      16      59     
       5      9      59      16     
       6     16      60      14     
       7     60      16      17     
       8     14      15      16     
       9     11      12      13     
      10      1      25      26     
      11     25     263      26     
      12    247     292     248     
      13    291     247     274     
      14    246     274     247     
      15    274     246     225     
      16    281     290      29     
      17    292      29     290     
      18    291     292     247     
      19     30      29     292     
      20    290     248     292     
      21     30     292     291     
      22    275      30     291     
      23     30     275     289     
      24    291     274     275     
      25    289      29      30     
      26      6     244     243     
      27    290     281       6     
      28     55       6     281     
      29    243     290       6     
      30    243     248     290     
      31    288     287     283     
      32    287     288      27     
      33    286     279     282     
      34    286     282     283     
      35     28      27     288     
      36    283      29     289     
      37    286     283     285     
      38    289     288     283     
      39    289     275      28     
      40    288     289      28     
      41    285     283     287     
      42    216     285      33     
      43     33     217     216     
      44     33     285     287     
      45     33     287      57     
      46     33      57     217     
      47     57     194     217     
      48     27      57     287     
      49    279     210     278     
      50    210     279     218     
      51    218     279     286     
      52    285     218     286     
      53    216     218     285     
      54    252      39     284     
      55     38     284      39     
      56     39      55      38     
      57    284     214     252     
      58    237     252     236     
      59     38     278     284     
      60    284     278     214     
      61     38     280     278     
      62    228     232     233     
      63    236     233     232     
      64    233     214     188     
      65    233     236     214     
      66    236     252     214     
      67    213     214     278     
      68    209     213     278     
      69    280      38      55     
      70    280     282     279     
      71    282     281      29     
      72     29     283     282     
      73    280      55     282     
      74    281     282      55     
      75    279     278     280     
      76    209     278     210     
      77    263      28     275     
      78     39     252     244     
      79      6      39     244     
      80     55      39       6     
      81    260     102     258     
      82    258     102     259     
      83    259     103     104     
      84    259     277     258     
      85    104     276     259     
      86    276     104     105     
      87    106     276     105     
      88    107     276     106     
      89    277     259     276     
      90    277     254     258     
      91    277     261     254     
      92    276     261     277     
      93    255     261     265     
      94    261     276     108     
      95    109     265     261     
      96    107     108     276     
      97    108     109     261     
      98    102     260     101     
      99    260     257     223     
     100    225     224     273     
     101    224      31     273     
     102    226     260     223     
     103    226     101     260     
     104    101     226     100     
     105    263     275     262     
     106    275     274     262     
     107    262     273      26     
     108    272      26     273     
     109     26     272     267     
     110      4     267     272     
     111    273     262     274     
     112    225     273     274     
     113     31     272     273     
     114     31      32     272     
     115     32       4     272     
     116      4      32      36     
     117     32     223      36     
     118     36     223     257     
     119     32      31     223     
     120     36      56       4     
     121     28      25      27     
     122     27      25     270     
     123     25       1     270     
     124    271     270       1     
     125      1      26     271     
     126     34     270     271     
     127    268      34     271     
     128     28     263      25     
     129     26     267     271     
     130    268     271     267     
     131     27     270      57     
     132     57     270      58     
     133     58      35       5     
     134     35      58     270     
     135     35     270      34     
     136     35      34      37     
     137    269      34     268     
     138     34     269      37     
     139     54      37     269     
     140     54     269      56     
     141    268      56     269     
     142      4      56     267     
     143    267      56     268     
     144      2      54      56     
     145     36     221      56     
     146     37      54     192     
     147    126      54       2     
     148     54     126     192     
     149    126     125     192     
     150    219     126       2     
     151     41     253     266     
     152    255     266     253     
     153    264     266     255     
     154    265     264     255     
     155    265     109     110     
     156    220     221     253     
     157    256     253     221     
     158     41     220     253     
     159    159     266     264     
     160    110     111     265     
     161    160     266     159     
     162    266     160      41     
     163    264     265     189     
     164    189     265     111     
     165    189     158     159     
     166    189     159     264     
     167    262      26     263     
     168    261     255     254     
     169    260     258     257     
     170     36     257     221     
     171    103     259     102     
     172    257     256     221     
     173    254     257     258     
     174    256     257     254     
     175    256     254     253     
     176    253     254     255     
     177    241      91     251     
     178     92     251      91     
     179    241     251     250     
     180     92      93     251     
     181    242     251     245     
     182     93     245     251     
     183    237     250     252     
     184    244     252     250     
     185    251     242     250     
     186    244     250     242     
     187    235     239     250     
     188    235     250     237     
     189    241     250     239     
     190    245     249     242     
     191    243     242     249     
     192     94     249     245     
     193    249     248     243     
     194    249      94      95     
     195    249      95     248     
     196     95      96     248     
     197     96     246     248     
     198    247     248     246     
     199    246      96      97     
     200     97     225     246     
     201    245      93      94     
     202    242     243     244     
     203     86      87     238     
     204    238     240     239     
     205    239     240     241     
     206     90      91     240     
     207     91     241     240     
     208    238      87     240     
     209     88     240      87     
     210     88      89     240     
     211     90     240      89     
     212     12     238     229     
     213    234     229     238     
     214    234     238     235     
     215    239     235     238     
     216     86     238      12     
     217    230     232     231     
     218    237     232     235     
     219    236     232     237     
     220    231     228     227     
     221    230     229     234     
     222    230     234     232     
     223    234     235     232     
     224    188     228     233     
     225    232     228     231     
     226    228     188     185     
     227    227      13     231     
     228    229     231      13     
     229    230     231     229     
     230     13      12     229     
     231     77      76     227     
     232     76      13     227     
     233    185     227     228     
     234    182      78     185     
     235     77     227      78     
     236    227     185      78     
     237    222      31     224     
     238    226     223     100     
     239     98     225      97     
     240    225      98     224     
     241     99     224      98     
     242    224      99     222     
     243    100     222      99     
     244     31     222     223     
     245    222     100     223     
     246     56       7       2     
     247    219       2       7     
     248    221       7      56     
     249    220       7     221     
     250    219     127     126     
     251    219       7      51     
     252    127     219      42     
     253    220      41       7     
     254     51      42     219     
     255     51       7      41     
     256     41     160      51     
     257     51     160      42     
     258     42     160     157     
     259    203     215     195     
     260    217     195     215     
     261    195     217     194     
     262    208     205     206     
     263    205     208     210     
     264    210     218     205     
     265    204     205     215     
     266    218     216     205     
     267    215     205     216     
     268    216     217     215     
     269    195     193     203     
     270    215     203     204     
     271    190     203      40     
     272    193      40     203     
     273    188     214     212     
     274    212     211     187     
     275    211     212     207     
     276    212     213     207     
     277    213     212     214     
     278    207     213     206     
     279    209     206     213     
     280    212     187     188     
     281    201     196     207     
     282    181     211     196     
     283    207     196     211     
     284    186     187     211     
     285    186     211     181     
     286    208     206     209     
     287    208     209     210     
     288    206     205     201     
     289    206     201     207     
     290    200     199     201     
     291    204     201     205     
     292    200     201     204     
     293    204     202     200     
     294    202     204     203     
     295    203     190     202     
     296    198     200     197     
     297    202     197     200     
     298    197     202     151     
     299    190     151     202     
     300    151     190     133     
     301    175     197     151     
     302    196     201     199     
     303    200     198     199     
     304    196     199     179     
     305    178     199     177     
     306    198     177     199     
     307    179     199     178     
     308    177     198     175     
     309    197     175     198     
     310    196     179     181     
     311    193     195     194     
     312    194      57      58     
     313    194       3     193     
     314     58       3     194     
     315     52     193       3     
     316      5       3      58     
     317      5      35      37     
     318     52     191     193     
     319      3       5      52     
     320     52       5      53     
     321     40     193     191     
     322     37      53       5     
     323    192      53      37     
     324     53     192     131     
     325    131     192     125     
     326    131     125     128     
     327    191      52      53     
     328    191      53      40     
     329     40     133     190     
     330    133      40      53     
     331    130     133      53     
     332    141     151     133     
     333    131     130      53     
     334    189     111     158     
     335    112     158     111     
     336    185     188     183     
     337    187     183     188     
     338    184     183     187     
     339    187     186     184     
     340    186     181     173     
     341    184     186     174     
     342    173     174     186     
     343    185     183     182     
     344    184     174     183     
     345    183     174     182     
     346     79      78     182     
     347     80      79     182     
     348     80     182      81     
     349     81     182     174     
     350     83     174     172     
     351     82      81     174     
     352     82     174      83     
     353    180     181     179     
     354    181     180     173     
     355    171     173     180     
     356    173     171     170     
     357    171     180     166     
     358    180     179     166     
     359    176     166     179     
     360    169     171     166     
     361    167     169     166     
     362    176     179     178     
     363    177     175     163     
     364    152     175     151     
     365    152     162     175     
     366    142     162     152     
     367     44     142     152     
     368    176     178     165     
     369    165     178     164     
     370    177     164     178     
     371    163     164     177     
     372    176     165     166     
     373     48     165     164     
     374    163     175     162     
     375    172     174     173     
     376    170     172     173     
     377     84     172      15     
     378     84      83     172     
     379     15     172      16     
     380    170      16     172     
     381    170     171     168     
     382    169     168     171     
     383    167      66     169     
     384    161      65     167     
     385    167     166     161     
     386    168      16     170     
     387      9      16      68     
     388     16     168      68     
     389     67      68     168     
     390    169      66     168     
     391     67     168      66     
     392     65      66     167     
     393     64      65     161     
     394    166     165     161     
     395    165      48     161     
     396     63     161      48     
     397     61      48      19     
     398     19      48      10     
     399     48     164      10     
     400    164     163      10     
     401    162      10     163     
     402     85      10     162     
     403    162     138      85     
     404    142     138     162     
     405     64     161      63     
     406     62      63      48     
     407     61      62      48     
     408     23      21     138     
     409     21      85     138     
     410    160     159     157     
     411    127     153     125     
     412    157     159     154     
     413    154     159     156     
     414    158     156     159     
     415    156     158     155     
     416    112     155     158     
     417    128     125     153     
     418     42     153     127     
     419     42     157     153     
     420    157     154     153     
     421    150     148     154     
     422    156     150     154     
     423    150     156     145     
     424    155     145     156     
     425    113     145     155     
     426    155     112     113     
     427    129     128     149     
     428    129     149     137     
     429    149     128     153     
     430    149     153     148     
     431    148     153     154     
     432    150     146     148     
     433    132     140     141     
     434    133     132     141     
     435    152     151      44     
     436    141      44     151     
     437    140     132     139     
     438    139     132     129     
     439    137     139     129     
     440    146     150     145     
     441    145     115     144     
     442    114     115     145     
     443    114     145     113     
     444    147     148     146     
     445    135     137     147     
     446    149     147     137     
     447    148     147     149     
     448     46     135     134     
     449    147     134     135     
     450    147     146     134     
     451    144     134     146     
     452    145     144     146     
     453    144     115     143     
     454    116     143     115     
     455     69     134     119     
     456      8      69     119     
     457    134     144     119     
     458    143     119     144     
     459    118     119     143     
     460    118     143     117     
     461    143     116     117     
     462     44     141      43     
     463     44      43     142     
     464    138     142      43     
     465     43     141     140     
     466     45     139     136     
     467    136     139     137     
     468     43     140     122     
     469    121     122     140     
     470    121     140     120     
     471    140     139     120     
     472    120     139      24     
     473     45      24     139     
     474     45     136      50     
     475     49      50     136     
     476     23     138     124     
     477    124     138     123     
     478    123     138      43     
     479    122     123      43     
     480     75      24      47     
     481     75      47      74     
     482     47      24      45     
     483     50      47      45     
     484     74      47      73     
     485     50      72      47     
     486     73      47      72     
     487    137     135     136     
     488     50      49      72     
     489     71      72      46     
     490     49      46      72     
     491    135      49     136     
     492     70      71      46     
     493     49     135      46     
     494     46     134      70     
     495     69      70     134     
     496    132     133     130     
     497    130     129     132     
     498    131     128     130     
     499    128     129     130     
     500    125     126     127     