         1  1.91694000240e+002 -2.26759002690e+002 -7.34187988280e+002   
         2  1.49703002930e+002 -3.13645996090e+002 -8.01437988280e+002   
         3  6.89499969480e+001 -2.30240005490e+002 -7.42906982420e+002   
         4  2.05382995610e+002 -2.88229003910e+002 -7.92538024900e+002   
         5  9.26666030880e+001 -2.45246994020e+002 -7.51786987300e+002   
         6  2.19561996460e+002 -2.95424011230e+002 -5.49919982910e+002   
         7  1.58490997310e+002 -3.31028991700e+002 -8.40026977540e+002   
         8 -9.97963027950e+001 -3.55497985840e+002 -9.38403991700e+002   
         9 -8.74385986330e+001 -3.99950988770e+002 -4.59503997800e+002   
        10 -1.00274002080e+002 -3.83756011960e+002 -6.23025024410e+002   
        11  2.17852996830e+002 -3.99917999270e+002 -3.93949005130e+002   
        12  2.36485992430e+002 -4.00532012940e+002 -4.00376007080e+002   
        13  1.97404006960e+002 -4.00834014890e+002 -3.87815002440e+002   
        14 -5.46141014100e+001 -3.99863006590e+002 -4.37488006590e+002   
        15 -4.32144012450e+001 -3.99946014400e+002 -4.28746002200e+002   
        16 -6.92443008420e+001 -3.89343994140e+002 -4.48552001950e+002   
        17 -9.06622009280e+001 -4.00105010990e+002 -4.45032012940e+002   
        18 -9.79036026000e+001 -3.81976013180e+002 -6.15789001460e+002   
        19 -1.02203002930e+002 -3.77454010010e+002 -6.08000000000e+002   
        20 -9.99477996830e+001 -3.95989990230e+002 -6.64713989260e+002   
        21 -1.00605003360e+002 -3.88048004150e+002 -6.44218994140e+002   
        22 -1.01116996770e+002 -3.96563995360e+002 -6.81127014160e+002   
        23 -8.34419021610e+001 -3.99403015140e+002 -6.92135009770e+002   
        24 -6.30620002750e+001 -4.00856994630e+002 -7.85241027830e+002   
        25  1.74311004640e+002 -2.25567993160e+002 -7.13353027340e+002   
        26  2.09093002320e+002 -2.47304000850e+002 -7.47611999510e+002   
        27  1.43680999760e+002 -2.27675994870e+002 -6.94656005860e+002   
        28  1.70281997680e+002 -2.43804000850e+002 -6.90781005860e+002   
        29  1.92322998050e+002 -2.65640991210e+002 -6.19323974610e+002   
        30  2.24938003540e+002 -2.66553985600e+002 -6.39223022460e+002   
        31  2.52360992430e+002 -3.04756011960e+002 -7.63554992680e+002   
        32  2.33117996220e+002 -3.02562988280e+002 -7.95794006350e+002   
        33  1.15991996770e+002 -2.34319000240e+002 -6.67372009280e+002   
        34  1.29343994140e+002 -2.25304992680e+002 -7.73263000490e+002   
        35  1.08433998110e+002 -2.25059997560e+002 -7.57580993650e+002   
        36  2.02626998900e+002 -2.97536987300e+002 -8.15976013180e+002   
        37  1.03553001400e+002 -2.68138000490e+002 -7.74590026860e+002   
        38  1.58358001710e+002 -2.71026000980e+002 -5.39617004390e+002   
        39  2.01550994870e+002 -2.79152008060e+002 -5.22169982910e+002   
        40  4.36990013120e+001 -2.74263000490e+002 -7.04560974120e+002   
        41  1.53921997070e+002 -3.07071014400e+002 -8.90921020510e+002   
        42  9.00655975340e+001 -3.26072998050e+002 -8.88346984860e+002   
        43 -3.47630996700e+001 -3.77574005130e+002 -7.32502990720e+002   
        44 -2.42420997620e+001 -3.48795989990e+002 -7.04247009280e+002   
        45 -4.85195999150e+001 -3.79118011470e+002 -8.15234985350e+002   
        46 -7.64225006100e+001 -3.61388000490e+002 -8.85828002930e+002   
        47 -8.15922012330e+001 -3.85834014890e+002 -7.97515991210e+002   
        48 -8.61815032960e+001 -3.63973999020e+002 -5.89971008300e+002   
        49 -6.91132965090e+001 -3.52337005620e+002 -8.61624023440e+002   
        50 -8.40855026250e+001 -3.70808013920e+002 -8.21817993160e+002   
        51  1.27825996400e+002 -3.24903991700e+002 -8.73603027340e+002   
        52  5.37132987980e+001 -2.45160003660e+002 -7.36343017580e+002   
        53  5.94098014830e+001 -2.78335998540e+002 -7.66539978030e+002   
        54  1.24362998960e+002 -2.80985992430e+002 -7.85107971190e+002   
        55  1.99057006840e+002 -2.96761993410e+002 -5.52002990720e+002   
        56  1.78927001950e+002 -3.07864013670e+002 -8.10356018070e+002   
        57  1.19008003230e+002 -2.29160003660e+002 -6.99572021480e+002   
        58  9.99218978880e+001 -2.31804000850e+002 -7.33685974120e+002   
        59 -9.47322006230e+001 -4.02769012450e+002 -4.52522003170e+002   
        60 -8.03404006960e+001 -4.01838012700e+002 -4.40811004640e+002   
        61 -1.01709999080e+002 -3.77609985350e+002 -5.95193969730e+002   
        62 -1.00469001770e+002 -3.83532012940e+002 -5.78679992680e+002   
        63 -9.96072998050e+001 -3.83373992920e+002 -5.64151977540e+002   
        64 -9.98619003300e+001 -3.85334014890e+002 -5.41085998540e+002   
        65 -1.00117996220e+002 -3.82983001710e+002 -5.24846984860e+002   
        66 -9.93208007810e+001 -3.86673004150e+002 -5.04710998540e+002   
        67 -9.98439025880e+001 -3.97028991700e+002 -4.79450012210e+002   
        68 -9.95944976810e+001 -4.00675994870e+002 -4.68726013180e+002   
        69 -9.93814010620e+001 -3.58246002200e+002 -9.19015991210e+002   
        70 -1.00105003360e+002 -3.65231994630e+002 -8.94049011230e+002   
        71 -9.98266983030e+001 -3.76239990230e+002 -8.65059021000e+002   
        72 -9.98489990230e+001 -3.87842010500e+002 -8.26799987790e+002   
        73 -1.00023002620e+002 -3.93317993160e+002 -8.17098022460e+002   
        74 -9.97181015010e+001 -3.99598999020e+002 -7.92257995610e+002   
        75 -8.57854003910e+001 -3.99256988530e+002 -7.80340026860e+002   
        76  1.77143997190e+002 -4.00660003660e+002 -3.88476989750e+002   
        77  1.50373001100e+002 -3.99121002200e+002 -3.87175994870e+002   
        78  1.19621002200e+002 -3.99309997560e+002 -3.91555999760e+002   
        79  9.97335968020e+001 -4.00648010250e+002 -4.01558013920e+002   
        80  7.59853973390e+001 -4.00070007320e+002 -4.07268005370e+002   
        81  5.69914016720e+001 -3.99636993410e+002 -4.11463989260e+002   
        82  3.14713001250e+001 -3.99735992430e+002 -4.15764007570e+002   
        83  1.27906999590e+001 -4.00856994630e+002 -4.19841003420e+002   
        84 -1.58562002180e+001 -4.00473999020e+002 -4.26601989750e+002   
        85 -1.00376998900e+002 -3.83312988280e+002 -6.39268005370e+002   
        86  2.56505004880e+002 -3.99365997310e+002 -4.09871002200e+002   
        87  2.69571990970e+002 -4.00208007810e+002 -4.17419006350e+002   
        88  2.93966003420e+002 -4.00467987060e+002 -4.37893005370e+002   
        89  2.99628997800e+002 -3.99869995120e+002 -4.45201995850e+002   
        90  2.99550994870e+002 -3.72631011960e+002 -4.56580993650e+002   
        91  2.99791992190e+002 -3.58432006840e+002 -4.68718994140e+002   
        92  3.00045989990e+002 -3.39264007570e+002 -5.01933013920e+002   
        93  2.99714996340e+002 -3.35000000000e+002 -5.31088989260e+002   
        94  3.00058990480e+002 -3.29238006590e+002 -5.64065979000e+002   
        95  2.99609008790e+002 -3.21630004880e+002 -6.09434021000e+002   
        96  2.99365997310e+002 -3.20486999510e+002 -6.38505981450e+002   
        97  2.99924011230e+002 -3.13609985350e+002 -6.86716979980e+002   
        98  2.99963989260e+002 -3.18540008540e+002 -7.13853027340e+002   
        99  2.99924987790e+002 -3.12161987300e+002 -7.42317993160e+002   
       100  3.00045013430e+002 -3.10664001460e+002 -7.78544982910e+002   
       101  2.99916992190e+002 -2.96463012700e+002 -8.11026977540e+002   
       102  2.99975006100e+002 -2.67273986820e+002 -8.40106994630e+002   
       103  3.00006011960e+002 -2.63632995610e+002 -8.56979980470e+002   
       104  2.99947998050e+002 -2.37994003300e+002 -9.22354003910e+002   
       105  2.99983001710e+002 -2.50281005860e+002 -1.00041998290e+003   
       106  2.74902008060e+002 -2.53332000730e+002 -1.00028997800e+003   
       107  2.43395004270e+002 -2.46960006710e+002 -9.99955993650e+002   
       108  2.23947006230e+002 -2.53854995730e+002 -9.99859985350e+002   
       109  2.04095993040e+002 -2.51807998660e+002 -1.00009002690e+003   
       110  1.53399993900e+002 -2.72136993410e+002 -9.99984008790e+002   
       111  1.08291000370e+002 -2.88420989990e+002 -1.00001000980e+003   
       112  6.66309967040e+001 -3.01549011230e+002 -1.00001000980e+003   
       113 -6.08609974380e-001 -3.18718994140e+002 -1.00005999760e+003   
       114 -2.39752998350e+001 -3.16444000240e+002 -1.00008001710e+003   
       115 -3.86250000000e+001 -3.11661987300e+002 -1.00001000980e+003   
       116 -6.21083984380e+001 -3.25260009770e+002 -1.00003997800e+003   
       117 -9.94982986450e+001 -3.46380004880e+002 -9.99700988770e+002   
       118 -9.97577972410e+001 -3.49501007080e+002 -9.77049987790e+002   
       119 -9.97453002930e+001 -3.52295013430e+002 -9.54955017090e+002   
       120 -5.54744987490e+001 -4.01096008300e+002 -7.80065979000e+002   
       121 -5.13185997010e+001 -3.99351013180e+002 -7.66049987790e+002   
       122 -4.69578018190e+001 -4.00529998780e+002 -7.46812011720e+002   
       123 -6.08158988950e+001 -3.99902008060e+002 -7.31758972170e+002   
       124 -7.02018966670e+001 -4.00053009030e+002 -7.14439025880e+002   
       125  8.11976013180e+001 -3.05488006590e+002 -8.31830993650e+002   
       126  1.11767997740e+002 -3.00216003420e+002 -8.19226013180e+002   
       127  8.97463989260e+001 -3.18864990230e+002 -8.58518981930e+002   
       128  3.73671989440e+001 -3.19736999510e+002 -8.37726013180e+002   
       129  1.15248003010e+001 -3.32667999270e+002 -8.35557006840e+002   
       130  1.95820007320e+001 -3.07838012700e+002 -7.97117004390e+002   
       131  5.42515983580e+001 -2.94828002930e+002 -8.05080017090e+002   
       132 -1.06653003690e+001 -3.29627990720e+002 -7.72786987300e+002   
       133  8.94892024990e+000 -2.98787994380e+002 -7.38335021970e+002   
       134 -6.55906982420e+001 -3.41024993900e+002 -9.24513000490e+002   
       135 -3.90312004090e+001 -3.57451995850e+002 -8.74692016600e+002   
       136 -3.93950996400e+001 -3.67555999760e+002 -8.37752990720e+002   
       137 -1.02793998720e+001 -3.61515991210e+002 -8.54833007810e+002   
       138 -6.99055023190e+001 -3.75723999020e+002 -6.94150024410e+002   
       139 -2.51634006500e+001 -3.66320007320e+002 -8.05531982420e+002   
       140 -3.07978992460e+001 -3.69868988040e+002 -7.61877990720e+002   
       141 -1.39336996080e+001 -3.19223999020e+002 -7.15729980470e+002   
       142 -5.02809982300e+001 -3.54707000730e+002 -6.87453002930e+002   
       143 -7.24209976200e+001 -3.34773986820e+002 -9.77166992190e+002   
       144 -4.99253997800e+001 -3.27321014400e+002 -9.59666015630e+002   
       145 -1.84153003690e+001 -3.29437988280e+002 -9.75255004880e+002   
       146 -2.08694992070e+001 -3.40023010250e+002 -9.40145996090e+002   
       147 -2.78654003140e+001 -3.47539001460e+002 -9.08754028320e+002   
       148  2.39368000030e+001 -3.34174987790e+002 -9.06757019040e+002   
       149  2.30328998570e+001 -3.39338012700e+002 -8.81293029790e+002   
       150  2.28111000060e+001 -3.27066009520e+002 -9.38629028320e+002   
       151 -5.92257976530e+000 -3.07593994140e+002 -6.82719970700e+002   
       152 -2.25554008480e+001 -3.32058013920e+002 -6.70570007320e+002   
       153  5.17318000790e+001 -3.48588012700e+002 -8.81971984860e+002   
       154  5.47770004270e+001 -3.21143005370e+002 -9.25627990720e+002   
       155  2.97292003630e+001 -3.16359985350e+002 -9.80299987790e+002   
       156  4.99417991640e+001 -3.14683013920e+002 -9.55831970210e+002   
       157  8.23974990840e+001 -3.21944000240e+002 -9.06643981930e+002   
       158  8.10538024900e+001 -3.03234008790e+002 -9.67718017580e+002   
       159  1.14103996280e+002 -2.99225006100e+002 -9.32565979000e+002   
       160  1.25625000000e+002 -3.06339996340e+002 -9.06950012210e+002   
       161 -8.81405029300e+001 -3.72305999760e+002 -5.42450012210e+002   
       162 -7.37839965820e+001 -3.51700988770e+002 -6.61174011230e+002   
       163 -6.62232971190e+001 -3.33161987300e+002 -6.37494018550e+002   
       164 -7.48574981690e+001 -3.40457000730e+002 -6.20677978520e+002   
       165 -7.33330993650e+001 -3.41631988530e+002 -5.67268981930e+002   
       166 -7.15496978760e+001 -3.47372009280e+002 -5.29689025880e+002   
       167 -7.95537033080e+001 -3.61589996340e+002 -5.16276977540e+002   
       168 -6.91247024540e+001 -3.75656005860e+002 -4.73131988530e+002   
       169 -6.84776992800e+001 -3.59442993160e+002 -4.92015014650e+002   
       170 -3.89290008540e+001 -3.66783996580e+002 -4.52790008540e+002   
       171 -4.76464004520e+001 -3.39166992190e+002 -4.85199005130e+002   
       172 -1.40074996950e+001 -3.74890014650e+002 -4.42726989750e+002   
       173 -1.64799995420e+001 -3.36404998780e+002 -4.66354003910e+002   
       174  3.39725990300e+001 -3.67010986330e+002 -4.38040985110e+002   
       175 -1.47055997850e+001 -3.15609008790e+002 -6.45002014160e+002   
       176 -6.23735008240e+001 -3.26174987790e+002 -5.48265991210e+002   
       177 -4.22277984620e+001 -3.02118011470e+002 -6.10364990230e+002   
       178 -5.56431007390e+001 -3.12820007320e+002 -5.79052001950e+002   
       179 -4.02818984990e+001 -3.02398986820e+002 -5.39632019040e+002   
       180 -3.68488006590e+001 -3.17369995120e+002 -5.02355987550e+002   
       181 -7.00853013990e+000 -3.03184997560e+002 -4.94936004640e+002   
       182  8.58824996950e+001 -3.78463989260e+002 -4.17511993410e+002   
       183  7.49658966060e+001 -3.47341003420e+002 -4.38156005860e+002   
       184  4.52527999880e+001 -3.39354003910e+002 -4.50906005860e+002   
       185  1.08738998410e+002 -3.50846984860e+002 -4.28436004640e+002   
       186  1.84515991210e+001 -3.12953002930e+002 -4.71570007320e+002   
       187  5.58605003360e+001 -3.07824005130e+002 -4.65588989260e+002   
       188  1.07313003540e+002 -3.04748992920e+002 -4.56528991700e+002   
       189  1.20730003360e+002 -2.90549987790e+002 -9.65166992190e+002   
       190  3.42164993290e+001 -2.78773986820e+002 -6.79718994140e+002   
       191  4.89003982540e+001 -2.70048004150e+002 -7.24918029790e+002   
       192  9.25636978150e+001 -2.73881011960e+002 -7.89395019530e+002   
       193  4.98955993650e+001 -2.34014007570e+002 -7.00495971680e+002   
       194  8.64263000490e+001 -2.18981994630e+002 -7.09017028810e+002   
       195  6.10616989140e+001 -2.32000000000e+002 -6.76140014650e+002   
       196 -1.02902002330e+001 -2.81236999510e+002 -5.33814025880e+002   
       197  1.41590995790e+001 -2.92002014160e+002 -6.32046020510e+002   
       198 -1.98087000850e+000 -2.89967010500e+002 -6.05351013180e+002   
       199 -2.12168006900e+001 -2.83493011470e+002 -5.67768981930e+002   
       200  1.07762002940e+001 -2.75303985600e+002 -5.84596008300e+002   
       201  2.21858005520e+001 -2.69355010990e+002 -5.60031982420e+002   
       202  3.47256011960e+001 -2.78585998540e+002 -6.23604980470e+002   
       203  4.61394004820e+001 -2.50423995970e+002 -6.54010009770e+002   
       204  4.61510009770e+001 -2.66192993160e+002 -6.11669006350e+002   
       205  7.07826995850e+001 -2.60179992680e+002 -5.88849975590e+002   
       206  4.97313003540e+001 -2.75515991210e+002 -5.46684021000e+002   
       207  3.84248008730e+001 -2.77703002930e+002 -5.10575988770e+002   
       208  7.93256988530e+001 -2.55330993650e+002 -5.62254028320e+002   
       209  9.23793029790e+001 -2.68981994630e+002 -5.41901977540e+002   
       210  1.06505996700e+002 -2.59312988280e+002 -5.85528015140e+002   
       211  3.09258003230e+001 -2.90303009030e+002 -4.93380004880e+002   
       212  6.99255981450e+001 -2.94385986330e+002 -4.83187011720e+002   
       213  9.65690994260e+001 -2.92757995610e+002 -5.11803985600e+002   
       214  1.22445999150e+002 -2.90533996580e+002 -4.96825988770e+002   
       215  6.70915985110e+001 -2.36755004880e+002 -6.33289001460e+002   
       216  1.07974998470e+002 -2.34787002560e+002 -6.32458007810e+002   
       217  9.36779022220e+001 -2.26809005740e+002 -6.65299987790e+002   
       218  1.18292999270e+002 -2.48156997680e+002 -6.08263000490e+002   
       219  1.28873992920e+002 -3.08052001950e+002 -8.34989013670e+002   
       220  1.61860000610e+002 -3.03372009280e+002 -8.62591979980e+002   
       221  1.85160995480e+002 -3.00535003660e+002 -8.43502014160e+002   
       222  2.72545013430e+002 -3.11725006100e+002 -7.69166015630e+002   
       223  2.43731994630e+002 -3.01131011960e+002 -8.07364990230e+002   
       224  2.74912994380e+002 -3.10848999020e+002 -7.39533996580e+002   
       225  2.67981994630e+002 -3.07809997560e+002 -7.04997985840e+002   
       226  2.75484008790e+002 -2.96269012450e+002 -8.07573974610e+002   
       227  1.50645004270e+002 -3.64688995360e+002 -4.02834991460e+002   
       228  1.30326004030e+002 -3.16750000000e+002 -4.35825012210e+002   
       229  2.00423995970e+002 -3.66303009030e+002 -4.10053009030e+002   
       230  1.84289993290e+002 -3.37589996340e+002 -4.28278991700e+002   
       231  1.65373992920e+002 -3.45032012940e+002 -4.17087005620e+002   
       232  1.59313003540e+002 -3.16756988530e+002 -4.46671997070e+002   
       233  1.31020996090e+002 -2.94006988530e+002 -4.64442993160e+002   
       234  2.10516006470e+002 -3.45852996830e+002 -4.41279998780e+002   
       235  2.12268997190e+002 -3.44423004150e+002 -4.54929992680e+002   
       236  1.54783004760e+002 -3.01484008790e+002 -4.70333007810e+002   
       237  1.94520996090e+002 -3.14184997560e+002 -4.72464996340e+002   
       238  2.49307006840e+002 -3.69247985840e+002 -4.23890014650e+002   
       239  2.47514999390e+002 -3.56257995610e+002 -4.53151000980e+002   
       240  2.80880004880e+002 -3.68669006350e+002 -4.42152008060e+002   
       241  2.62968994140e+002 -3.51733001710e+002 -4.77964996340e+002   
       242  2.60015991210e+002 -3.29067993160e+002 -5.36783020020e+002   
       243  2.45378005980e+002 -3.10286987300e+002 -5.67109008790e+002   
       244  2.29447006230e+002 -3.02990997310e+002 -5.30309997560e+002   
       245  2.80803009030e+002 -3.32358001710e+002 -5.51067016600e+002   
       246  2.82158996580e+002 -3.12105987550e+002 -6.56744995120e+002   
       247  2.67759002690e+002 -2.98079986570e+002 -6.33443969730e+002   
       248  2.64713012700e+002 -3.06841003420e+002 -6.07843994140e+002   
       249  2.78826995850e+002 -3.24464996340e+002 -5.79905029300e+002   
       250  2.31259002690e+002 -3.35493988040e+002 -4.88703002930e+002   
       251  2.71217987060e+002 -3.37214996340e+002 -5.05026000980e+002   
       252  1.95210006710e+002 -2.94341003420e+002 -5.00730987550e+002   
       253  1.87041000370e+002 -2.69856994630e+002 -8.97068969730e+002   
       254  2.21555999760e+002 -2.61765991210e+002 -8.95432006840e+002   
       255  1.81214004520e+002 -2.72813995360e+002 -9.34028991700e+002   
       256  2.09526000980e+002 -2.79834991460e+002 -8.77560974120e+002   
       257  2.25347000120e+002 -2.80334014890e+002 -8.49046020510e+002   
       258  2.55580993650e+002 -2.52449005130e+002 -8.79408996580e+002   
       259  2.69278991700e+002 -2.51184005740e+002 -8.92645996090e+002   
       260  2.64855987550e+002 -2.72557006840e+002 -8.38171020510e+002   
       261  2.14889007570e+002 -2.54960006710e+002 -9.50437988280e+002   
       262  2.15919998170e+002 -2.66766998290e+002 -7.12010986330e+002   
       263  2.01128997800e+002 -2.50264999390e+002 -6.92950012210e+002   
       264  1.37781997680e+002 -2.77871002200e+002 -9.53794982910e+002   
       265  1.65498992920e+002 -2.72638000490e+002 -9.69742004390e+002   
       266  1.41998992920e+002 -2.88388000490e+002 -9.11096008300e+002   
       267  1.97216995240e+002 -2.56595001220e+002 -7.82986022950e+002   
       268  1.69891998290e+002 -2.43962997440e+002 -7.84585998540e+002   
       269  1.48337005620e+002 -2.44526000980e+002 -7.84520019530e+002   
       270  1.39492004390e+002 -2.10076004030e+002 -7.28557983400e+002   
       271  1.75908004760e+002 -2.23386993410e+002 -7.63325988770e+002   
       272  2.33220993040e+002 -2.80084991460e+002 -7.64497009280e+002   
       273  2.45167999270e+002 -2.92141998290e+002 -7.22390991210e+002   
       274  2.49770004270e+002 -2.93484008790e+002 -6.80169982910e+002   
       275  2.22623001100e+002 -2.66319000240e+002 -6.66710998540e+002   
       276  2.50938003540e+002 -2.44074996950e+002 -9.49854003910e+002   
       277  2.41923004150e+002 -2.44486999510e+002 -9.13291992190e+002   
       278  1.20962997440e+002 -2.67889007570e+002 -5.40528015140e+002   
       279  1.42255996700e+002 -2.50152999880e+002 -5.76447998050e+002   
       280  1.67658004760e+002 -2.70069000240e+002 -5.61445007320e+002   
       281  2.06820999150e+002 -2.75247985840e+002 -5.95247985840e+002   
       282  1.80091003420e+002 -2.66585998540e+002 -5.93690979000e+002   
       283  1.72376007080e+002 -2.47949996950e+002 -6.28619018550e+002   
       284  1.54190002440e+002 -2.74537994380e+002 -5.12958007810e+002   
       285  1.31421997070e+002 -2.39583999630e+002 -6.34192993160e+002   
       286  1.51016006470e+002 -2.54027999880e+002 -6.16594970700e+002   
       287  1.40723007200e+002 -2.20714004520e+002 -6.65723022460e+002   
       288  1.71695007320e+002 -2.37539993290e+002 -6.58651000980e+002   
       289  1.91893005370e+002 -2.48809997560e+002 -6.43286010740e+002   
       290  2.35042999270e+002 -2.74324005130e+002 -5.90002014160e+002   
       291  2.46583999630e+002 -2.85776000980e+002 -6.57117980960e+002   
       292  2.41781997680e+002 -2.59242004390e+002 -6.25955017090e+002   